type,date time,latitude,longitude,accuracy(m),altitude(m),geoid_height(m),speed(m/s),bearing(deg),sat_used,sat_inview,name,desc
T,2021-01-12 22:56:44,50.84749450,5.70346360,6,84.065,,0.000,,23,25,20210112-235627,GPS Logger: 20210112-235627
T,2021-01-12 22:56:58,50.84749755,5.70344381,6,80.782,,0.000,,24,27,,
T,2021-01-12 22:56:59,50.84749755,5.70344381,6,80.785,,0.000,,25,27,,
T,2021-01-12 22:57:00,50.84749277,5.70346881,6,80.827,,0.736,269,24,26,,
T,2021-01-12 22:57:02,50.84748663,5.70340838,6,80.897,,1.996,259,26,29,,
T,2021-01-12 22:57:03,50.84748063,5.70337305,3,80.937,,2.215,259,29,31,,
T,2021-01-12 22:57:04,50.84747563,5.70333354,3,80.977,,2.335,266,26,29,,
T,2021-01-12 22:57:05,50.84747204,5.70329096,3,81.013,,2.408,267,27,29,,
T,2021-01-12 22:57:06,50.84747042,5.70325228,3,81.028,,2.461,275,26,28,,
T,2021-01-12 22:57:07,50.84747146,5.70321094,3,81.043,,2.502,272,26,28,,
T,2021-01-12 22:57:08,50.84747135,5.70316944,3,81.071,,2.534,247,25,29,,
T,2021-01-12 22:57:09,50.84745893,5.70312751,3,81.113,,2.551,227,27,30,,
T,2021-01-12 22:57:10,50.84743978,5.70309499,3,81.161,,2.550,229,27,30,,
T,2021-01-12 22:57:11,50.84742509,5.70306566,3,81.207,,2.538,227,26,28,,
T,2021-01-12 22:57:12,50.84740851,5.70303771,3,81.256,,2.530,216,28,30,,
T,2021-01-12 22:57:13,50.84738866,5.70301527,3,81.306,,2.534,215,29,31,,
T,2021-01-12 22:57:14,50.84736613,5.70299142,3,81.355,,2.578,208,28,30,,
T,2021-01-12 22:57:16,50.84730187,5.70294656,3,81.446,,2.704,201,28,31,,
T,2021-01-12 22:57:17,50.84727343,5.70292962,3,81.492,,2.739,201,27,31,,
T,2021-01-12 22:57:18,50.84724632,5.70291518,3,81.541,,2.775,193,27,31,,
T,2021-01-12 22:57:19,50.84721682,5.70290548,3,81.591,,2.820,185,28,30,,
T,2021-01-12 22:57:20,50.84718364,5.70290189,3,81.650,,2.862,173,29,31,,
T,2021-01-12 22:57:21,50.84715277,5.70290730,3,81.708,,2.886,175,27,30,,
T,2021-01-12 22:57:22,50.84712433,5.70291049,3,81.768,,2.909,179,26,31,,
T,2021-01-12 22:57:23,50.84709405,5.70291073,3,81.828,,2.943,179,26,31,,
T,2021-01-12 22:57:24,50.84706099,5.70291114,3,81.887,,2.978,180,27,29,,
T,2021-01-12 22:57:25,50.84702681,5.70291041,3,81.945,,3.025,184,29,31,,
T,2021-01-12 22:57:26,50.84699307,5.70290634,3,82.003,,3.045,192,25,28,,
T,2021-01-12 22:57:27,50.84696270,5.70289762,3,82.061,,3.062,206,28,30,,
T,2021-01-12 22:57:28,50.84693480,5.70288062,3,82.120,,3.091,205,29,31,,
T,2021-01-12 22:57:29,50.84690254,5.70286028,3,82.181,,3.122,207,29,31,,
T,2021-01-12 22:57:30,50.84686972,5.70283390,3,82.244,,3.132,213,26,29,,
T,2021-01-12 22:57:31,50.84684079,5.70281572,3,82.304,,3.133,211,28,30,,
T,2021-01-12 22:57:32,50.84681311,5.70279421,3,82.365,,3.119,217,27,31,,
T,2021-01-12 22:57:33,50.84678802,5.70277422,3,82.427,,3.099,225,29,30,,
T,2021-01-12 22:57:34,50.84676042,5.70274627,3,82.487,,3.088,216,29,30,,
T,2021-01-12 22:57:35,50.84672843,5.70271669,4,82.549,,3.080,213,27,28,,
T,2021-01-12 22:57:36,50.84669874,5.70269669,4,82.611,,3.087,216,27,28,,
T,2021-01-12 22:57:37,50.84666974,5.70267376,4,82.674,,3.101,219,27,29,,
T,2021-01-12 22:57:38,50.84663960,5.70264365,4,82.738,,3.106,217,27,29,,
T,2021-01-12 22:57:39,50.84660654,5.70261063,4,82.802,,3.108,230,28,30,,
T,2021-01-12 22:57:40,50.84657869,5.70256513,4,82.863,,3.107,250,28,30,,
T,2021-01-12 22:57:41,50.84656370,5.70251977,4,82.925,,3.092,252,26,27,,
T,2021-01-12 22:57:42,50.84654314,5.70247153,4,82.983,,3.056,233,28,29,,
T,2021-01-12 22:57:43,50.84651790,5.70243248,4,83.043,,3.000,235,28,29,,
T,2021-01-12 22:57:44,50.84649323,5.70239368,4,83.102,,2.959,245,25,28,,
T,2021-01-12 22:57:45,50.84647314,5.70234864,4,83.159,,2.937,241,25,28,,
T,2021-01-12 22:57:46,50.84645229,5.70230068,4,83.214,,2.922,233,25,28,,
T,2021-01-12 22:57:47,50.84642709,5.70225816,4,83.270,,2.914,215,28,29,,
T,2021-01-12 22:57:48,50.84640037,5.70222642,4,83.327,,2.890,228,27,29,,
T,2021-01-12 22:57:49,50.84637517,5.70217019,4,83.387,,2.858,238,27,29,,
T,2021-01-12 22:57:50,50.84636451,5.70210870,4,83.448,,2.826,242,27,29,,
T,2021-01-12 22:57:51,50.84635538,5.70206251,4,83.514,,2.807,249,27,28,,
T,2021-01-12 22:57:52,50.84634184,5.70201439,4,83.589,,2.801,256,27,28,,
T,2021-01-12 22:57:53,50.84633355,5.70196218,4,83.667,,2.823,244,27,28,,
T,2021-01-12 22:57:54,50.84631934,5.70191120,4,83.749,,2.842,241,28,29,,
T,2021-01-12 22:57:55,50.84630340,5.70186871,4,83.834,,2.877,229,28,29,,
T,2021-01-12 22:57:56,50.84628011,5.70182308,4,83.920,,2.913,224,28,29,,
T,2021-01-12 22:57:57,50.84625496,5.70178478,4,84.009,,2.932,212,28,30,,
T,2021-01-12 22:57:58,50.84623176,5.70176013,4,84.101,,2.913,202,29,30,,
T,2021-01-12 22:57:59,50.84621366,5.70174796,3,84.193,,2.894,196,29,30,,
T,2021-01-12 22:58:00,50.84618601,5.70173227,3,84.283,,2.867,192,28,30,,
T,2021-01-12 22:58:01,50.84615802,5.70171990,3,84.369,,2.835,182,28,30,,
T,2021-01-12 22:58:02,50.84612878,5.70171488,3,84.455,,2.797,179,28,30,,
T,2021-01-12 22:58:03,50.84610306,5.70171064,3,84.540,,2.754,185,30,31,,
T,2021-01-12 22:58:04,50.84607911,5.70170316,3,84.625,,2.659,182,30,31,,
T,2021-01-12 22:58:06,50.84606162,5.70169477,3,84.796,,0.961,177,28,29,,
T,2021-01-12 22:58:11,50.84605979,5.70165499,3,85.084,,0.366,177,28,29,,
T,2021-01-12 22:58:14,50.84606279,5.70162506,3,85.276,,0.323,33,28,30,,
T,2021-01-12 22:58:16,50.84608181,5.70161710,3,85.470,,0.961,0,30,31,,
T,2021-01-12 22:58:17,50.84610341,5.70161002,3,85.572,,1.426,340,28,29,,
T,2021-01-12 22:58:18,50.84612483,5.70159774,3,85.677,,1.703,340,28,30,,
T,2021-01-12 22:58:19,50.84614705,5.70158492,4,85.783,,1.838,340,29,30,,
T,2021-01-12 22:58:20,50.84616940,5.70157189,4,85.889,,1.952,353,27,29,,
T,2021-01-12 22:58:21,50.84619269,5.70156828,4,85.996,,2.040,353,27,29,,
T,2021-01-12 22:58:22,50.84621759,5.70156194,4,86.102,,2.095,354,27,29,,
T,2021-01-12 22:58:23,50.84624616,5.70155133,4,86.208,,2.110,334,28,29,,
T,2021-01-12 22:58:24,50.84626695,5.70153487,4,86.314,,2.107,325,29,30,,
T,2021-01-12 22:58:26,50.84629426,5.70150613,4,86.534,,2.095,294,29,30,,
T,2021-01-12 22:58:27,50.84630478,5.70147148,3,86.646,,2.145,272,30,31,,
T,2021-01-12 22:58:28,50.84630895,5.70142115,3,86.760,,2.242,260,27,29,,
T,2021-01-12 22:58:29,50.84630624,5.70136817,3,86.875,,2.367,265,28,29,,
T,2021-01-12 22:58:30,50.84630407,5.70130904,3,86.992,,2.502,265,28,29,,
T,2021-01-12 22:58:31,50.84630325,5.70125596,3,87.110,,2.642,277,24,27,,
T,2021-01-12 22:58:32,50.84631242,5.70119311,3,88.291,,2.788,277,24,26,,
T,2021-01-12 22:58:33,50.84631789,5.70113330,3,88.387,,2.919,277,27,29,,
T,2021-01-12 22:58:34,50.84632634,5.70107382,3,88.485,,3.029,278,26,27,,
T,2021-01-12 22:58:35,50.84633583,5.70101575,3,88.585,,3.115,285,26,28,,
T,2021-01-12 22:58:36,50.84634527,5.70096514,3,88.685,,3.191,278,27,28,,
T,2021-01-12 22:58:37,50.84635457,5.70091125,3,88.787,,3.252,279,27,28,,
T,2021-01-12 22:58:38,50.84636220,5.70085421,3,88.890,,3.298,277,27,29,,
T,2021-01-12 22:58:39,50.84636779,5.70080235,3,88.994,,3.338,277,25,29,,
T,2021-01-12 22:58:40,50.84637360,5.70075312,3,90.026,,3.401,275,25,29,,
T,2021-01-12 22:58:41,50.84637679,5.70068951,3,90.871,,3.469,274,24,26,,
T,2021-01-12 22:58:42,50.84638162,5.70063013,3,90.939,,3.535,274,23,26,,
T,2021-01-12 22:58:43,50.84638868,5.70056770,3,91.006,,3.586,273,24,26,,
T,2021-01-12 22:58:44,50.84639352,5.70051065,3,91.074,,3.613,275,24,26,,
T,2021-01-12 22:58:45,50.84640059,5.70045470,3,91.142,,3.621,276,27,28,,
T,2021-01-12 22:58:46,50.84640490,5.70040223,3,91.210,,3.628,275,25,27,,
T,2021-01-12 22:58:47,50.84640873,5.70034966,3,91.277,,3.631,275,23,25,,
T,2021-01-12 22:58:48,50.84641228,5.70029432,3,91.343,,3.622,276,23,25,,
T,2021-01-12 22:58:49,50.84641530,5.70024320,3,91.407,,3.609,273,23,24,,
T,2021-01-12 22:58:50,50.84641707,5.70019412,3,91.471,,3.601,273,23,24,,
T,2021-01-12 22:58:51,50.84641819,5.70013841,3,91.533,,3.606,272,23,24,,
T,2021-01-12 22:58:52,50.84641896,5.70008226,3,91.595,,3.623,277,27,28,,
T,2021-01-12 22:58:53,50.84642259,5.70002387,3,91.655,,3.644,275,24,26,,
T,2021-01-12 22:58:54,50.84642366,5.69997302,3,91.716,,3.659,276,24,29,,
T,2021-01-12 22:58:55,50.84642273,5.69993504,3,91.780,,3.657,279,24,29,,
T,2021-01-12 22:58:56,50.84642626,5.69988659,3,91.845,,3.650,271,23,26,,
T,2021-01-12 22:58:57,50.84642501,5.69983955,3,91.910,,3.643,272,24,27,,
T,2021-01-12 22:58:58,50.84642566,5.69978600,3,91.973,,3.632,273,25,26,,
T,2021-01-12 22:58:59,50.84642664,5.69973601,3,92.036,,3.631,276,26,28,,
T,2021-01-12 22:59:00,50.84642959,5.69967963,3,92.099,,3.632,278,25,28,,
T,2021-01-12 22:59:01,50.84643320,5.69962993,3,92.162,,3.620,278,25,26,,
T,2021-01-12 22:59:02,50.84643586,5.69957821,3,92.226,,3.605,280,25,26,,
T,2021-01-12 22:59:03,50.84643970,5.69952787,3,92.290,,3.585,280,24,26,,
T,2021-01-12 22:59:04,50.84644497,5.69947725,3,92.354,,3.559,280,25,27,,
T,2021-01-12 22:59:05,50.84645009,5.69943271,3,92.418,,3.532,275,29,30,,
T,2021-01-12 22:59:06,50.84645293,5.69938609,3,92.480,,3.503,283,28,30,,
T,2021-01-12 22:59:07,50.84646024,5.69933859,3,92.542,,3.482,289,27,28,,
T,2021-01-12 22:59:08,50.84647028,5.69930025,3,92.602,,3.469,296,27,28,,
T,2021-01-12 22:59:09,50.84648505,5.69925730,3,92.660,,3.449,296,27,28,,
T,2021-01-12 22:59:10,50.84649836,5.69921708,3,92.718,,3.420,306,28,29,,
T,2021-01-12 22:59:11,50.84651593,5.69917987,3,92.776,,3.384,308,28,29,,
T,2021-01-12 22:59:12,50.84653262,5.69914938,3,92.832,,3.328,322,29,30,,
T,2021-01-12 22:59:13,50.84655145,5.69912740,3,92.886,,3.241,336,29,30,,
T,2021-01-12 22:59:14,50.84656923,5.69911409,3,92.940,,3.155,349,28,29,,
T,2021-01-12 22:59:16,50.84659954,5.69910413,3,93.040,,2.910,337,29,30,,
T,2021-01-12 22:59:20,50.84662732,5.69910545,3,93.222,,2.251,8,28,30,,
T,2021-01-12 22:59:22,50.84664573,5.69911215,3,93.301,,2.007,6,27,28,,
T,2021-01-12 22:59:24,50.84667525,5.69912756,3,93.384,,1.971,26,28,29,,
T,2021-01-12 22:59:25,50.84669958,5.69914954,3,93.425,,2.010,26,28,29,,
T,2021-01-12 22:59:26,50.84672142,5.69916336,3,93.467,,2.078,17,28,29,,
T,2021-01-12 22:59:27,50.84675138,5.69917758,3,93.509,,2.146,8,26,27,,
T,2021-01-12 22:59:28,50.84678172,5.69918845,3,93.549,,2.211,8,28,29,,
T,2021-01-12 22:59:29,50.84681169,5.69919969,3,93.588,,2.248,8,29,30,,
T,2021-01-12 22:59:30,50.84683725,5.69920817,3,93.626,,2.233,10,29,30,,
T,2021-01-12 22:59:31,50.84685557,5.69921589,4,93.662,,2.207,11,29,30,,
T,2021-01-12 22:59:32,50.84687575,5.69922428,4,93.698,,2.167,11,29,30,,
T,2021-01-12 22:59:33,50.84689334,5.69923078,4,93.732,,2.116,12,29,30,,
T,2021-01-12 22:59:35,50.84692425,5.69924566,4,93.797,,2.009,9,28,29,,
T,2021-01-12 22:59:37,50.84695632,5.69925557,4,93.860,,1.937,7,28,30,,
T,2021-01-12 22:59:39,50.84698473,5.69926706,4,93.921,,1.856,16,28,29,,
T,2021-01-12 22:59:41,50.84701061,5.69927971,4,93.980,,1.780,11,26,28,,
T,2021-01-12 22:59:43,50.84703394,5.69930102,4,94.037,,1.734,12,27,28,,
T,2021-01-12 22:59:45,50.84706041,5.69931686,4,94.094,,1.651,17,26,27,,
T,2021-01-12 22:59:47,50.84708460,5.69933860,4,94.149,,1.579,15,28,30,,
T,2021-01-12 22:59:48,50.84710479,5.69934763,4,94.177,,1.554,10,28,30,,
T,2021-01-12 22:59:49,50.84712259,5.69935765,4,94.204,,1.528,12,26,27,,
T,2021-01-12 22:59:50,50.84714757,5.69936673,4,94.231,,1.520,8,26,27,,
T,2021-01-12 22:59:51,50.84716828,5.69937319,4,94.258,,1.524,8,27,29,,
T,2021-01-12 22:59:52,50.84718702,5.69937721,4,94.285,,1.545,1,25,26,,
T,2021-01-12 22:59:53,50.84720792,5.69937665,4,94.311,,1.566,356,26,27,,
T,2021-01-12 22:59:54,50.84722607,5.69937365,4,94.338,,1.558,356,26,29,,
T,2021-01-12 22:59:55,50.84724516,5.69937130,4,94.363,,1.560,360,26,29,,
T,2021-01-12 22:59:57,50.84727806,5.69936954,4,94.413,,1.589,7,26,27,,
T,2021-01-12 22:59:59,50.84731070,5.69938373,4,94.460,,1.570,19,27,28,,
T,2021-01-12 23:00:00,50.84732866,5.69940375,4,94.479,,1.563,16,27,29,,
T,2021-01-12 23:00:01,50.84734590,5.69941265,4,94.498,,1.569,3,25,28,,
T,2021-01-12 23:00:02,50.84736558,5.69941565,4,94.516,,1.567,7,25,26,,
T,2021-01-12 23:00:03,50.84738368,5.69942428,4,94.532,,1.551,16,25,26,,
T,2021-01-12 23:00:05,50.84740328,5.69943559,4,94.562,,1.450,15,26,29,,
T,2021-01-12 23:00:07,50.84742141,5.69945654,4,94.590,,1.363,49,27,29,,
T,2021-01-12 23:00:09,50.84742970,5.69952154,4,94.612,,1.418,80,27,28,,
T,2021-01-12 23:00:10,50.84743233,5.69955958,4,94.622,,1.483,88,24,26,,
T,2021-01-12 23:00:11,50.84743079,5.69960085,3,94.631,,1.541,117,27,28,,
T,2021-01-12 23:00:12,50.84742009,5.69963404,3,94.639,,1.587,112,27,28,,
T,2021-01-12 23:00:13,50.84741060,5.69966861,3,94.646,,1.653,109,25,26,,
T,2021-01-12 23:00:14,50.84740300,5.69971463,3,94.652,,1.757,102,25,27,,
T,2021-01-12 23:00:15,50.84739550,5.69976881,3,94.659,,1.905,101,26,27,,
T,2021-01-12 23:00:16,50.84738814,5.69982888,3,94.664,,2.074,95,23,27,,
T,2021-01-12 23:00:17,50.84738327,5.69989240,3,94.715,,2.263,104,23,27,,
T,2021-01-12 23:00:18,50.84737363,5.69995890,3,94.752,,2.461,102,25,27,,
T,2021-01-12 23:00:19,50.84736629,5.70003488,3,94.771,,2.668,104,24,26,,
T,2021-01-12 23:00:20,50.84735462,5.70011018,3,94.776,,2.865,98,24,26,,
T,2021-01-12 23:00:21,50.84734907,5.70018788,3,94.778,,3.041,94,23,26,,
T,2021-01-12 23:00:22,50.84734600,5.70025952,3,94.779,,3.189,93,23,26,,
T,2021-01-12 23:00:23,50.84734378,5.70032514,3,94.776,,3.317,95,24,25,,
T,2021-01-12 23:00:24,50.84734004,5.70039002,3,94.773,,3.429,96,22,26,,
T,2021-01-12 23:00:25,50.84733581,5.70045375,3,94.767,,3.519,97,24,27,,
T,2021-01-12 23:00:26,50.84733065,5.70051615,3,94.759,,3.602,97,24,25,,
T,2021-01-12 23:00:27,50.84732653,5.70058420,3,94.753,,3.684,96,24,25,,
T,2021-01-12 23:00:28,50.84732251,5.70065141,3,94.744,,3.773,97,25,26,,
T,2021-01-12 23:00:29,50.84731647,5.70072544,3,94.735,,3.858,97,26,27,,
T,2021-01-12 23:00:30,50.84731038,5.70079905,3,94.732,,3.934,98,25,27,,
T,2021-01-12 23:00:31,50.84730368,5.70086801,3,94.731,,3.989,96,26,27,,
T,2021-01-12 23:00:32,50.84729909,5.70093173,3,94.727,,4.027,93,24,27,,
T,2021-01-12 23:00:33,50.84729803,5.70099452,3,94.727,,4.059,92,25,26,,
T,2021-01-12 23:00:34,50.84729718,5.70105783,3,94.727,,4.101,86,25,26,,
T,2021-01-12 23:00:35,50.84730091,5.70112216,3,94.727,,4.119,91,24,25,,
T,2021-01-12 23:00:36,50.84730065,5.70118086,3,94.725,,4.130,90,24,25,,
T,2021-01-12 23:00:37,50.84730082,5.70124133,3,94.725,,4.139,89,25,26,,
T,2021-01-12 23:00:38,50.84730116,5.70130510,3,94.724,,4.146,88,27,29,,
T,2021-01-12 23:00:39,50.84730247,5.70136451,4,94.724,,4.148,89,27,29,,
T,2021-01-12 23:00:40,50.84730264,5.70142655,4,94.721,,4.170,89,26,27,,
T,2021-01-12 23:00:41,50.84730283,5.70149337,4,94.719,,4.198,89,25,28,,
T,2021-01-12 23:00:42,50.84730354,5.70156175,4,94.711,,4.230,88,27,29,,
T,2021-01-12 23:00:43,50.84730490,5.70162831,4,94.705,,4.247,87,27,28,,
T,2021-01-12 23:00:44,50.84730753,5.70169100,4,94.704,,4.247,89,27,28,,
T,2021-01-12 23:00:45,50.84730801,5.70175069,4,94.698,,4.245,91,26,27,,
T,2021-01-12 23:00:46,50.84730642,5.70181198,4,94.698,,4.240,89,28,29,,
T,2021-01-12 23:00:47,50.84730669,5.70187291,4,94.698,,4.213,83,26,27,,
T,2021-01-12 23:00:48,50.84731020,5.70192621,4,94.697,,4.163,77,26,27,,
T,2021-01-12 23:00:49,50.84731734,5.70197698,4,94.697,,4.105,60,28,29,,
T,2021-01-12 23:00:50,50.84733298,5.70202160,4,94.696,,4.045,54,27,28,,
T,2021-01-12 23:00:51,50.84735391,5.70206369,4,94.696,,3.959,44,28,29,,
T,2021-01-12 23:00:52,50.84737466,5.70209044,4,94.696,,3.834,26,27,28,,
T,2021-01-12 23:00:53,50.84739633,5.70209896,4,94.697,,3.675,357,27,28,,
T,2021-01-12 23:00:54,50.84741852,5.70209503,4,94.700,,3.520,346,27,28,,
T,2021-01-12 23:00:55,50.84744305,5.70208951,4,94.704,,3.404,359,26,28,,
T,2021-01-12 23:00:56,50.84747085,5.70208908,4,94.710,,3.328,2,26,27,,
T,2021-01-12 23:00:57,50.84750293,5.70209058,4,94.716,,3.294,355,26,27,,
T,2021-01-12 23:00:58,50.84753587,5.70208664,4,94.723,,3.297,347,25,27,,
T,2021-01-12 23:00:59,50.84757034,5.70207275,4,94.789,,3.377,346,25,26,,
T,2021-01-12 23:01:00,50.84762784,5.70205225,4,94.858,,3.505,346,24,26,,
T,2021-01-12 23:01:01,50.84769300,5.70202741,4,94.929,,3.650,346,25,27,,
T,2021-01-12 23:01:02,50.84774519,5.70200168,4,95.002,,3.791,344,25,27,,
T,2021-01-12 23:01:03,50.84779055,5.70198152,4,95.065,,3.913,343,25,27,,
T,2021-01-12 23:01:04,50.84783481,5.70195906,4,95.121,,4.016,343,25,26,,
T,2021-01-12 23:01:05,50.84787729,5.70193497,4,95.171,,4.081,342,23,24,,
T,2021-01-12 23:01:06,50.84791915,5.70191156,4,95.220,,4.135,342,23,24,,
T,2021-01-12 23:01:07,50.84796692,5.70188660,4,95.271,,4.185,342,25,28,,
T,2021-01-12 23:01:08,50.84801682,5.70185596,4,95.331,,4.232,344,25,28,,
T,2021-01-12 23:01:09,50.84806726,5.70183462,4,95.384,,4.272,344,25,26,,
T,2021-01-12 23:01:10,50.84810920,5.70181125,4,95.431,,4.304,344,27,28,,
T,2021-01-12 23:01:11,50.84815197,5.70178996,4,95.478,,4.318,344,26,27,,
T,2021-01-12 23:01:12,50.84818908,5.70176985,4,95.482,,4.310,343,26,27,,
T,2021-01-12 23:01:13,50.84822239,5.70175593,4,95.487,,4.286,342,25,26,,
T,2021-01-12 23:01:14,50.84825541,5.70173697,4,95.493,,4.259,341,25,26,,
T,2021-01-12 23:01:15,50.84828683,5.70172714,4,95.500,,4.239,341,25,26,,
T,2021-01-12 23:01:16,50.84832451,5.70170989,4,95.509,,4.215,342,26,28,,
T,2021-01-12 23:01:17,50.84835700,5.70169335,4,95.517,,4.188,345,26,27,,
T,2021-01-12 23:01:18,50.84839319,5.70168052,4,95.527,,4.168,347,26,27,,
T,2021-01-12 23:01:19,50.84843316,5.70166512,4,95.627,,4.162,349,25,27,,
T,2021-01-12 23:01:20,50.84847463,5.70164657,4,95.636,,4.145,338,27,28,,
T,2021-01-12 23:01:21,50.84851198,5.70161910,4,95.645,,4.113,338,24,26,,
T,2021-01-12 23:01:22,50.84854840,5.70158811,4,95.654,,4.071,338,24,25,,
T,2021-01-12 23:01:23,50.84858490,5.70155565,4,95.663,,4.020,337,25,27,,
T,2021-01-12 23:01:24,50.84861993,5.70152610,4,95.671,,3.979,331,25,26,,
T,2021-01-12 23:01:25,50.84865350,5.70149383,4,95.679,,3.959,337,25,26,,
T,2021-01-12 23:01:26,50.84868663,5.70147132,4,95.766,,3.973,343,24,25,,
T,2021-01-12 23:01:27,50.84873579,5.70144911,4,95.831,,4.014,341,23,25,,
T,2021-01-12 23:01:28,50.84877868,5.70142685,4,95.880,,4.055,343,23,25,,
T,2021-01-12 23:01:29,50.84882020,5.70140467,4,95.918,,4.113,343,25,27,,
T,2021-01-12 23:01:30,50.84886844,5.70137925,4,95.944,,4.160,342,25,27,,
T,2021-01-12 23:01:31,50.84891297,5.70135576,4,95.968,,4.181,341,25,26,,
T,2021-01-12 23:01:32,50.84895310,5.70133183,4,95.991,,4.204,339,25,27,,
T,2021-01-12 23:01:33,50.84900000,5.70130526,4,96.016,,4.245,342,26,27,,
T,2021-01-12 23:01:34,50.84904841,5.70127563,4,96.038,,4.268,346,26,27,,
T,2021-01-12 23:01:35,50.84909164,5.70125372,3,96.067,,4.280,346,28,29,,
T,2021-01-12 23:01:36,50.84913276,5.70122989,3,96.089,,4.297,341,26,27,,
T,2021-01-12 23:01:37,50.84917186,5.70120039,3,96.108,,4.300,341,27,29,,
T,2021-01-12 23:01:38,50.84920728,5.70117798,3,96.110,,4.283,341,25,28,,
T,2021-01-12 23:01:39,50.84924060,5.70115660,3,96.111,,4.249,342,25,28,,
T,2021-01-12 23:01:40,50.84927529,5.70113620,3,96.112,,4.201,341,25,29,,
T,2021-01-12 23:01:41,50.84930777,5.70111491,3,96.114,,4.164,340,24,28,,
T,2021-01-12 23:01:42,50.84934689,5.70108290,4,96.115,,4.135,341,26,29,,
T,2021-01-12 23:01:43,50.84937995,5.70106006,4,96.117,,4.107,344,25,27,,
T,2021-01-12 23:01:44,50.84941404,5.70104079,4,96.119,,4.051,347,24,26,,
T,2021-01-12 23:01:45,50.84944327,5.70102924,4,96.121,,3.953,351,26,29,,
T,2021-01-12 23:01:46,50.84946805,5.70102292,4,96.122,,3.796,2,26,28,,
T,2021-01-12 23:01:48,50.84948732,5.70103005,4,96.125,,3.332,7,27,29,,
T,2021-01-12 23:01:54,50.84950940,5.70104905,3,96.139,,0.724,35,26,28,,
T,2021-01-12 23:01:56,50.84952920,5.70110515,3,96.141,,1.261,78,26,29,,
T,2021-01-12 23:01:57,50.84953647,5.70115859,3,96.141,,1.918,82,26,29,,
T,2021-01-12 23:01:58,50.84954151,5.70123063,3,96.140,,2.395,84,27,29,,
T,2021-01-12 23:01:59,50.84954372,5.70131439,3,96.140,,2.690,88,24,27,,
T,2021-01-12 23:02:00,50.84954521,5.70137732,3,96.139,,2.865,74,25,28,,
T,2021-01-12 23:02:01,50.84955251,5.70143535,3,96.140,,2.946,82,24,26,,
T,2021-01-12 23:02:02,50.84955324,5.70148893,3,96.141,,2.980,87,23,25,,
T,2021-01-12 23:02:03,50.84955301,5.70153397,3,96.143,,2.989,92,24,26,,
T,2021-01-12 23:02:04,50.84955228,5.70157498,3,96.145,,2.993,87,25,27,,
T,2021-01-12 23:02:05,50.84955313,5.70162056,3,96.148,,2.989,89,25,27,,
T,2021-01-12 23:02:06,50.84955250,5.70166796,3,96.151,,2.982,90,26,28,,
T,2021-01-12 23:02:07,50.84955161,5.70171600,3,96.154,,2.975,94,26,28,,
T,2021-01-12 23:02:08,50.84954450,5.70176323,3,96.156,,2.958,91,26,29,,
T,2021-01-12 23:02:09,50.84953959,5.70180307,3,96.158,,2.933,80,26,29,,
T,2021-01-12 23:02:10,50.84953487,5.70183981,3,96.159,,2.911,79,27,29,,
T,2021-01-12 23:02:11,50.84953832,5.70188125,3,96.160,,2.893,80,26,28,,
T,2021-01-12 23:02:12,50.84954016,5.70192211,3,96.162,,2.882,84,25,28,,
T,2021-01-12 23:02:13,50.84954030,5.70196691,3,96.163,,2.898,81,27,29,,
T,2021-01-12 23:02:14,50.84954219,5.70201568,3,96.164,,2.941,81,26,28,,
T,2021-01-12 23:02:15,50.84954634,5.70206534,3,96.165,,3.002,80,26,28,,
T,2021-01-12 23:02:16,50.84955216,5.70211761,3,96.166,,3.071,79,26,28,,
T,2021-01-12 23:02:17,50.84955773,5.70217625,3,96.166,,3.151,90,26,28,,
T,2021-01-12 23:02:18,50.84955446,5.70224565,3,96.166,,3.227,90,24,27,,
T,2021-01-12 23:02:19,50.84955188,5.70231360,3,96.166,,3.292,87,24,28,,
T,2021-01-12 23:02:20,50.84955255,5.70237881,3,96.165,,3.337,88,24,28,,
T,2021-01-12 23:02:21,50.84955358,5.70244124,3,96.165,,3.366,87,24,26,,
T,2021-01-12 23:02:22,50.84955456,5.70249952,3,96.164,,3.384,86,24,26,,
T,2021-01-12 23:02:23,50.84955640,5.70255311,3,96.165,,3.386,91,23,25,,
T,2021-01-12 23:02:24,50.84955564,5.70260212,3,96.165,,3.373,89,24,26,,
T,2021-01-12 23:02:25,50.84955632,5.70264739,3,96.165,,3.374,89,24,26,,
T,2021-01-12 23:02:26,50.84955740,5.70269956,3,96.164,,3.393,81,24,27,,
T,2021-01-12 23:02:27,50.84956332,5.70275338,3,96.163,,3.408,93,24,27,,
T,2021-01-12 23:02:28,50.84956222,5.70280807,3,96.162,,3.422,91,25,27,,
T,2021-01-12 23:02:29,50.84956365,5.70286232,3,96.160,,3.440,87,23,25,,
T,2021-01-12 23:02:30,50.84956612,5.70291883,3,96.158,,3.461,77,23,25,,
T,2021-01-12 23:02:31,50.84957438,5.70297294,3,96.156,,3.474,83,23,25,,
T,2021-01-12 23:02:32,50.84957899,5.70302298,3,96.153,,3.480,87,23,25,,
T,2021-01-12 23:02:33,50.84958091,5.70307197,3,96.151,,3.474,87,23,25,,
T,2021-01-12 23:02:34,50.84958284,5.70311903,3,96.148,,3.456,88,23,25,,
T,2021-01-12 23:02:35,50.84958366,5.70316606,3,96.146,,3.428,87,26,28,,
T,2021-01-12 23:02:36,50.84958447,5.70320876,3,96.145,,3.393,86,23,26,,
T,2021-01-12 23:02:37,50.84958607,5.70324983,3,96.143,,3.346,90,24,27,,
T,2021-01-12 23:02:38,50.84958509,5.70328798,3,96.142,,3.295,98,23,26,,
T,2021-01-12 23:02:39,50.84958109,5.70332527,3,96.141,,3.244,103,24,26,,
T,2021-01-12 23:02:40,50.84957372,5.70336203,3,96.140,,3.196,109,26,28,,
T,2021-01-12 23:02:41,50.84956244,5.70339947,3,96.138,,3.153,121,26,28,,
T,2021-01-12 23:02:42,50.84954353,5.70343753,4,96.137,,3.128,128,24,27,,
T,2021-01-12 23:02:43,50.84952040,5.70347402,4,96.135,,3.093,140,25,27,,
T,2021-01-12 23:02:44,50.84949433,5.70350155,4,96.133,,3.046,156,24,26,,
T,2021-01-12 23:02:45,50.84946471,5.70351618,4,96.132,,2.987,163,23,26,,
T,2021-01-12 23:02:46,50.84943481,5.70352326,4,96.130,,2.941,169,23,26,,
T,2021-01-12 23:02:47,50.84940411,5.70353008,4,96.129,,2.896,163,24,27,,
T,2021-01-12 23:02:48,50.84937196,5.70353934,4,96.127,,2.866,168,25,27,,
T,2021-01-12 23:02:49,50.84933598,5.70354741,4,96.124,,2.855,167,26,28,,
T,2021-01-12 23:02:50,50.84930017,5.70355644,4,96.122,,2.859,166,23,25,,
T,2021-01-12 23:02:51,50.84926204,5.70356814,4,96.119,,2.873,170,23,25,,
T,2021-01-12 23:02:52,50.84922538,5.70357820,4,96.117,,2.932,168,25,27,,
T,2021-01-12 23:02:53,50.84918281,5.70358891,4,96.100,,3.034,169,25,27,,
T,2021-01-12 23:02:54,50.84913292,5.70360202,4,96.092,,3.145,169,23,26,,
T,2021-01-12 23:02:55,50.84908901,5.70361364,4,96.092,,3.235,170,23,25,,
T,2021-01-12 23:02:56,50.84904572,5.70362344,4,96.091,,3.290,168,23,25,,
T,2021-01-12 23:02:57,50.84901028,5.70363482,4,96.091,,3.316,168,24,26,,
T,2021-01-12 23:02:58,50.84897504,5.70364684,4,96.091,,3.362,168,24,26,,
T,2021-01-12 23:02:59,50.84892891,5.70366627,4,96.084,,3.444,175,24,26,,
T,2021-01-12 23:03:00,50.84888386,5.70367788,4,96.083,,3.513,165,24,26,,
T,2021-01-12 23:03:01,50.84884740,5.70370026,4,96.083,,3.560,163,24,26,,
T,2021-01-12 23:03:02,50.84880805,5.70372613,4,96.083,,3.594,161,24,26,,
T,2021-01-12 23:03:03,50.84876389,5.70375945,4,96.085,,3.611,168,23,25,,
T,2021-01-12 23:03:04,50.84872377,5.70378109,4,96.088,,3.621,167,23,25,,
T,2021-01-12 23:03:05,50.84868875,5.70379427,4,96.092,,3.632,164,23,25,,
T,2021-01-12 23:03:06,50.84865430,5.70380971,4,96.096,,3.628,164,23,25,,
T,2021-01-12 23:03:07,50.84862164,5.70382758,4,96.100,,3.619,165,24,26,,
T,2021-01-12 23:03:08,50.84858857,5.70384452,4,96.104,,3.621,164,24,26,,
T,2021-01-12 23:03:09,50.84855517,5.70386101,4,96.107,,3.628,162,22,25,,
T,2021-01-12 23:03:10,50.84852049,5.70388225,4,96.111,,3.631,162,22,25,,
T,2021-01-12 23:03:11,50.84848031,5.70390832,4,96.113,,3.622,160,22,25,,
T,2021-01-12 23:03:12,50.84844166,5.70393495,4,96.117,,3.602,160,23,26,,
T,2021-01-12 23:03:13,50.84841093,5.70395321,4,96.120,,3.572,160,23,26,,
T,2021-01-12 23:03:14,50.84837769,5.70397683,4,96.123,,3.547,162,23,26,,
T,2021-01-12 23:03:15,50.84834432,5.70399661,4,96.125,,3.540,166,23,26,,
T,2021-01-12 23:03:16,50.84830858,5.70401389,4,96.128,,3.550,160,24,27,,
T,2021-01-12 23:03:17,50.84827333,5.70403564,4,96.130,,3.548,161,24,27,,
T,2021-01-12 23:03:18,50.84823761,5.70405646,4,96.132,,3.537,163,24,26,,
T,2021-01-12 23:03:19,50.84820372,5.70407345,4,96.133,,3.503,168,24,26,,
T,2021-01-12 23:03:20,50.84817478,5.70408185,4,96.134,,3.455,172,24,26,,
T,2021-01-12 23:03:21,50.84814540,5.70408959,4,96.135,,3.410,166,24,26,,
T,2021-01-12 23:03:22,50.84811555,5.70410238,4,96.135,,3.381,157,24,27,,
T,2021-01-12 23:03:23,50.84808623,5.70412087,4,96.134,,3.365,163,23,27,,
T,2021-01-12 23:03:24,50.84804823,5.70414065,4,96.134,,3.373,165,23,27,,
T,2021-01-12 23:03:25,50.84800658,5.70415913,4,96.133,,3.396,160,23,27,,
T,2021-01-12 23:03:26,50.84796437,5.70418207,4,96.132,,3.396,166,21,25,,
T,2021-01-12 23:03:27,50.84793315,5.70419567,4,96.131,,3.382,167,21,26,,
T,2021-01-12 23:03:28,50.84790339,5.70420739,4,96.131,,3.360,167,21,26,,
T,2021-01-12 23:03:29,50.84787363,5.70422098,4,96.129,,3.323,168,21,26,,
T,2021-01-12 23:03:30,50.84784773,5.70423350,4,96.128,,3.283,169,21,26,,
T,2021-01-12 23:03:31,50.84781735,5.70424757,4,96.127,,3.250,162,21,24,,
T,2021-01-12 23:03:32,50.84778342,5.70426763,4,96.125,,3.227,165,23,26,,
T,2021-01-12 23:03:33,50.84774940,5.70428398,4,96.124,,3.213,167,22,26,,
T,2021-01-12 23:03:34,50.84771501,5.70429925,4,96.123,,3.211,165,22,26,,
T,2021-01-12 23:03:35,50.84768384,5.70431392,4,96.121,,3.210,174,24,27,,
T,2021-01-12 23:03:36,50.84764999,5.70432562,4,96.120,,3.197,179,25,27,,
T,2021-01-12 23:03:37,50.84761696,5.70432938,4,96.118,,3.168,187,24,27,,
T,2021-01-12 23:03:38,50.84758836,5.70432353,3,96.117,,3.111,203,25,27,,
T,2021-01-12 23:03:39,50.84756885,5.70431160,3,96.115,,3.056,218,25,27,,
T,2021-01-12 23:03:40,50.84754923,5.70428897,3,96.113,,2.991,222,25,27,,
T,2021-01-12 23:03:41,50.84753347,5.70426983,3,96.111,,2.919,230,24,27,,
T,2021-01-12 23:03:42,50.84752104,5.70424885,3,96.110,,2.834,247,24,27,,
T,2021-01-12 23:03:44,50.84750950,5.70419338,3,96.106,,2.691,256,25,27,,
T,2021-01-12 23:03:45,50.84750546,5.70415909,3,96.103,,2.640,273,23,25,,
T,2021-01-12 23:03:46,50.84750629,5.70412114,3,96.101,,2.613,271,24,26,,
T,2021-01-12 23:03:47,50.84750567,5.70406997,3,96.099,,2.599,269,24,26,,
T,2021-01-12 23:03:48,50.84750408,5.70402306,3,96.097,,2.590,271,24,26,,
T,2021-01-12 23:03:49,50.84750477,5.70398426,3,96.095,,2.588,270,24,26,,
T,2021-01-12 23:03:50,50.84750394,5.70394153,3,96.093,,2.581,270,23,25,,
T,2021-01-12 23:03:51,50.84750292,5.70390081,3,96.091,,2.572,266,24,27,,
T,2021-01-12 23:03:52,50.84750046,5.70386532,3,96.089,,2.560,272,25,27,,
T,2021-01-12 23:03:53,50.84750051,5.70383265,3,96.088,,2.551,275,25,27,,
T,2021-01-12 23:03:54,50.84750101,5.70379095,3,96.087,,2.544,275,24,26,,
T,2021-01-12 23:03:55,50.84750245,5.70375193,3,96.087,,2.535,275,24,26,,
T,2021-01-12 23:03:56,50.84750322,5.70370642,3,96.088,,2.520,275,23,25,,
T,2021-01-12 23:03:57,50.84750327,5.70366799,3,96.088,,2.505,273,24,26,,
T,2021-01-12 23:03:58,50.84750369,5.70363104,3,96.089,,2.486,272,24,26,,
T,2021-01-12 23:03:59,50.84750263,5.70359003,3,96.091,,2.450,273,24,26,,
T,2021-01-12 23:04:00,50.84750262,5.70355630,3,96.093,,2.396,272,25,27,,
T,2021-01-12 23:04:01,50.84750210,5.70352779,3,96.096,,2.302,273,25,27,,
